1 0.39375 0.6453125 0.15859375 0.2390625
1 0.74921875 0.64765625 0.15625 0.24375
1 0.91953125 0.6484375 0.15625 0.2453125
1 0.0609375 0.6484375 0.12109375 0.2453125
1 0.21796875 0.65078125 0.15625 0.2453125
1 0.571875 0.646875 0.15625 0.24140625
1 0.75 0.3921875 0.15859375 0.2453125
1 0.3953125 0.39296875 0.15625 0.24765625
1 0.57109375 0.3921875 0.15859375 0.2453125
1 0.2171875 0.1296875 0.15859375 0.24140625
1 0.92265625 0.3921875 0.15 0.2453125
1 0.3984375 0.8921875 0.15859375 0.2109375
1 0.0609375 0.39453125 0.12109375 0.25
1 0.21796875 0.3921875 0.15625 0.2453125
1 0.39296875 0.128125 0.16015625 0.24375
1 0.753125 0.8921875 0.16015625 0.2109375
1 0.57109375 0.12734375 0.15859375 0.24140625
1 0.2203125 0.8921875 0.16015625 0.2109375
1 0.57421875 0.8921875 0.16015625 0.2109375
1 0.74921875 0.128125 0.16015625 0.24375
1 0.925 0.8921875 0.14609375 0.2109375
1 0.059375 0.12890625 0.11875 0.2453125
1 0.06171875 0.8921875 0.1234375 0.2109375
1 0.91953125 0.13046875 0.15625 0.24375
