1 0.596875 0.6140625 0.15 0.22734375
1 0.259375 0.615625 0.1484375 0.23125
1 0.096875 0.615625 0.15 0.23125
1 0.9265625 0.61796875 0.1421875 0.2359375
1 0.7640625 0.61875 0.1484375 0.23359375
1 0.428125 0.61484375 0.1484375 0.2296875
1 0.25859375 0.37265625 0.15 0.23359375
1 0.5953125 0.37421875 0.1484375 0.2359375
1 0.42890625 0.37265625 0.15 0.23359375
1 0.76484375 0.12265625 0.15 0.2296875
1 0.0921875 0.371875 0.1484375 0.23125
1 0.59375 0.865625 0.1484375 0.2359375
1 0.9265625 0.37578125 0.1421875 0.23984375
1 0.7640625 0.37265625 0.1484375 0.23359375
1 0.59765625 0.121875 0.15234375 0.23125
1 0.25703125 0.865625 0.15 0.2359375
1 0.42890625 0.12109375 0.15 0.2296875
1 0.7625 0.865625 0.15 0.2359375
1 0.4265625 0.865625 0.15 0.2359375
1 0.259375 0.121875 0.15234375 0.23125
1 0.0875 0.865625 0.1484375 0.2359375
1 0.928125 0.12421875 0.140625 0.2359375
1 0.92578125 0.86796875 0.14453125 0.23984375
1 0.096875 0.12265625 0.15 0.2296875
