1 0.57421875 0.6125 0.1484375 0.225
1 0.24140625 0.6140625 0.146875 0.22890625
1 0.08046875 0.6140625 0.1484375 0.22890625
1 0.90625 0.6140625 0.1484375 0.22890625
1 0.7390625 0.6171875 0.146875 0.23046875
1 0.40703125 0.61328125 0.146875 0.2265625
1 0.240625 0.37421875 0.1484375 0.23046875
1 0.5734375 0.37578125 0.146875 0.2328125
1 0.40859375 0.37421875 0.1484375 0.23046875
1 0.740625 0.12734375 0.1484375 0.2265625
1 0.075 0.3734375 0.146875 0.22890625
1 0.57109375 0.86171875 0.146875 0.2328125
1 0.90625 0.37578125 0.1484375 0.2328125
1 0.7390625 0.37421875 0.146875 0.23046875
1 0.575 0.1265625 0.15078125 0.22890625
1 0.23828125 0.86171875 0.1484375 0.2328125
1 0.40859375 0.12578125 0.1484375 0.2265625
1 0.73828125 0.86171875 0.1484375 0.2328125
1 0.40625 0.86171875 0.1484375 0.2328125
1 0.24140625 0.1265625 0.15078125 0.22890625
1 0.0734375 0.8625 0.14296875 0.23515625
1 0.90859375 0.1265625 0.1484375 0.22890625
1 0.9046875 0.86171875 0.1484375 0.2328125
1 0.08046875 0.12734375 0.1484375 0.2265625
