1 0.8609375 0.96171875 0.03125 0.0765625
1 0.178125 0.63359375 0.06171875 0.0796875
1 0.25546875 0.621875 0.05703125 0.096875
1 0.34140625 0.61640625 0.059375 0.08671875
1 0.98203125 0.60859375 0.03125 0.1234375
1 0.0296875 0.58984375 0.05390625 0.146875
1 0.41640625 0.58828125 0.08515625 0.15703125
1 0.10078125 0.58671875 0.071875 0.16640625
1 0.6171875 0.58359375 0.0640625 0.16640625
1 0.48828125 0.58515625 0.059375 0.15703125
1 0.78046875 0.5859375 0.0609375 0.16796875
1 0.54921875 0.58359375 0.0515625 0.16640625
1 0.84921875 0.58359375 0.06953125 0.16640625
1 0.69609375 0.584375 0.0671875 0.1640625
1 0.8953125 0.9546875 0.03828125 0.08984375
1 0.92265625 0.56796875 0.071875 0.15703125
1 0.353125 0.53515625 0.04140625 0.06328125
1 0.3109375 0.53515625 0.028125 0.0703125
1 0.2421875 0.53203125 0.03125 0.06328125
1 0.2796875 0.525 0.028125 0.06328125
1 0.984375 0.95 0.02578125 0.1
1 0.83125 0.4671875 0.02265625 0.053125
1 0.9515625 0.4640625 0.02734375 0.0515625
1 0.85625 0.46484375 0.021875 0.05
1 0.98203125 0.46328125 0.03125 0.06015625
1 0.88671875 0.46328125 0.02578125 0.053125
1 0.915625 0.46328125 0.02734375 0.040625
1 0.2140625 0.4546875 0.02578125 0.0765625
1 0.7359375 0.425 0.075 0.08359375
1 0.05 0.41640625 0.0953125 0.16015625
1 0.5890625 0.41328125 0.059375 0.1734375
1 0.5078125 0.41171875 0.0875 0.1703125
1 0.3453125 0.41171875 0.07734375 0.1703125
1 0.26640625 0.41171875 0.0640625 0.1765625
1 0.94453125 0.93984375 0.059375 0.06015625
1 0.16875 0.378125 0.0125 0.04296875
1 0.13046875 0.371875 0.04375 0.08984375
1 0.9515625 0.36875 0.0375 0.08203125
1 0.98359375 0.36640625 0.028125 0.08671875
1 0.19140625 0.3671875 0.01171875 0.05234375
1 0.41484375 0.36015625 0.04140625 0.0796875
1 0.84453125 0.36171875 0.0390625 0.0640625
1 0.87734375 0.3578125 0.03203125 0.0640625
1 0.91171875 0.35859375 0.025 0.0625
1 0.33359375 0.23828125 0.234375 0.16328125
1 0.8234375 0.23828125 0.08515625 0.15
1 0.93828125 0.23515625 0.11875 0.18359375
1 0.609375 0.23671875 0.29609375 0.16640625
1 0.1046875 0.23515625 0.20390625 0.1703125
1 0.68828125 0.9234375 0.0875 0.146875
1 0.01875 0.921875 0.034375 0.15625
1 0.8 0.9234375 0.08515625 0.153125
1 0.58046875 0.921875 0.1046875 0.15625
1 0.38515625 0.91796875 0.234375 0.16328125
1 0.14921875 0.9203125 0.21640625 0.153125
1 0.14453125 0.0953125 0.0671875 0.103125
1 0.80546875 0.090625 0.13125 0.0921875
1 0.5890625 0.071875 0.09609375 0.11640625
1 0.271875 0.0796875 0.13125 0.153125
1 0.0421875 0.075 0.0796875 0.14296875
1 0.690625 0.075 0.071875 0.14296875
1 0.49375 0.075 0.08515625 0.14296875
1 0.3828125 0.075 0.0953125 0.14296875
1 0.89140625 0.875 0.09765625 0.06328125
1 0.96796875 0.8734375 0.059375 0.0734375
1 0.01953125 0.81484375 0.03359375 0.04296875
1 0.91171875 0.8078125 0.04453125 0.05859375
1 0.146875 0.78984375 0.06171875 0.1
1 0.26875 0.78984375 0.06328125 0.10078125
1 0.20859375 0.775 0.05703125 0.08359375
1 0.946875 0.978125 0.059375 0.04296875
1 0.971875 0.7546875 0.0515625 0.1703125
1 0.6609375 0.753125 0.25 0.16015625
1 0.4171875 0.75 0.23203125 0.16640625
1 0.07890625 0.73984375 0.06953125 0.13359375
1 0.20859375 0.7015625 0.18515625 0.05625
