1 0.39375 0.3546875 0.15859375 0.2390625
1 0.74921875 0.35234375 0.15625 0.24375
1 0.91953125 0.3515625 0.15625 0.2453125
1 0.0609375 0.3515625 0.12109375 0.2453125
1 0.21796875 0.34921875 0.15625 0.2453125
1 0.571875 0.353125 0.15625 0.24140625
1 0.75 0.6078125 0.15859375 0.2453125
1 0.3953125 0.60703125 0.15625 0.24765625
1 0.57109375 0.6078125 0.15859375 0.2453125
1 0.2171875 0.8703125 0.15859375 0.24140625
1 0.92265625 0.6078125 0.15 0.2453125
1 0.3984375 0.1078125 0.15859375 0.2109375
1 0.0609375 0.60546875 0.12109375 0.25
1 0.21796875 0.6078125 0.15625 0.2453125
1 0.39296875 0.871875 0.16015625 0.24375
1 0.753125 0.1078125 0.16015625 0.2109375
1 0.57109375 0.87265625 0.15859375 0.24140625
1 0.2203125 0.1078125 0.16015625 0.2109375
1 0.57421875 0.1078125 0.16015625 0.2109375
1 0.74921875 0.871875 0.16015625 0.24375
1 0.925 0.1078125 0.14609375 0.2109375
1 0.059375 0.87109375 0.11875 0.2453125
1 0.06171875 0.1078125 0.1234375 0.2109375
1 0.91953125 0.86953125 0.15625 0.24375
