1 0.596875 0.3859375 0.15 0.22734375
1 0.259375 0.384375 0.1484375 0.23125
1 0.096875 0.384375 0.15 0.23125
1 0.9265625 0.38203125 0.1421875 0.2359375
1 0.7640625 0.38125 0.1484375 0.23359375
1 0.428125 0.38515625 0.1484375 0.2296875
1 0.25859375 0.62734375 0.15 0.23359375
1 0.5953125 0.62578125 0.1484375 0.2359375
1 0.42890625 0.62734375 0.15 0.23359375
1 0.76484375 0.87734375 0.15 0.2296875
1 0.0921875 0.628125 0.1484375 0.23125
1 0.59375 0.134375 0.1484375 0.2359375
1 0.9265625 0.62421875 0.1421875 0.23984375
1 0.7640625 0.62734375 0.1484375 0.23359375
1 0.59765625 0.878125 0.15234375 0.23125
1 0.25703125 0.134375 0.15 0.2359375
1 0.42890625 0.87890625 0.15 0.2296875
1 0.7625 0.134375 0.15 0.2359375
1 0.4265625 0.134375 0.15 0.2359375
1 0.259375 0.878125 0.15234375 0.23125
1 0.0875 0.134375 0.1484375 0.2359375
1 0.928125 0.87578125 0.140625 0.2359375
1 0.92578125 0.13203125 0.14453125 0.23984375
1 0.096875 0.87734375 0.15 0.2296875
