1 0.87265625 0.965625 0.03203125 0.06875
1 0.171875 0.63359375 0.06328125 0.08203125
1 0.2515625 0.621875 0.0578125 0.09921875
1 0.33984375 0.61640625 0.0609375 0.0890625
1 0.9890625 0.6078125 0.015625 0.1265625
1 0.025 0.5890625 0.0453125 0.15078125
1 0.41640625 0.5875 0.0875 0.1609375
1 0.09296875 0.5859375 0.07421875 0.17109375
1 0.62265625 0.58203125 0.06640625 0.17109375
1 0.490625 0.58359375 0.0609375 0.1609375
1 0.790625 0.58515625 0.0625 0.17265625
1 0.553125 0.58203125 0.053125 0.17109375
1 0.8609375 0.58203125 0.07109375 0.17109375
1 0.70390625 0.58359375 0.06875 0.16875
1 0.90859375 0.95859375 0.03984375 0.08203125
1 0.93671875 0.56640625 0.07421875 0.1609375
1 0.3515625 0.5328125 0.0421875 0.06484375
1 0.3078125 0.5328125 0.02890625 0.071875
1 0.23828125 0.52890625 0.03203125 0.06484375
1 0.2765625 0.521875 0.02890625 0.06484375
1 0.9921875 0.95390625 0.0109375 0.0921875
1 0.8421875 0.4625 0.0234375 0.0546875
1 0.96640625 0.459375 0.028125 0.053125
1 0.86875 0.46015625 0.02265625 0.0515625
1 0.9890625 0.45859375 0.015625 0.06171875
1 0.89921875 0.45859375 0.0265625 0.0546875
1 0.92890625 0.45859375 0.028125 0.04140625
1 0.209375 0.45 0.0265625 0.07890625
1 0.74453125 0.41953125 0.0765625 0.0859375
1 0.04609375 0.4109375 0.0875 0.1640625
1 0.59375 0.4078125 0.0609375 0.178125
1 0.5109375 0.40546875 0.08984375 0.175
1 0.34375 0.40546875 0.0796875 0.175
1 0.26328125 0.40546875 0.06640625 0.18125
1 0.959375 0.9484375 0.0609375 0.06171875
1 0.1625 0.371875 0.01328125 0.04453125
1 0.12265625 0.36484375 0.0453125 0.0921875
1 0.96640625 0.36171875 0.03828125 0.084375
1 0.990625 0.359375 0.01328125 0.0890625
1 0.1859375 0.36015625 0.0125 0.053125
1 0.415625 0.353125 0.0421875 0.08203125
1 0.85625 0.35390625 0.03984375 0.065625
1 0.88984375 0.35078125 0.0328125 0.065625
1 0.925 0.3515625 0.025 0.0640625
1 0.33203125 0.228125 0.240625 0.16796875
1 0.834375 0.228125 0.0875 0.15390625
1 0.94453125 0.22421875 0.10546875 0.18828125
1 0.61484375 0.22578125 0.30390625 0.17109375
1 0.1015625 0.22421875 0.1984375 0.175
1 0.69453125 0.9265625 0.09296875 0.146875
1 0.01484375 0.925 0.0234375 0.15
1 0.80859375 0.925 0.0890625 0.15
1 0.584375 0.92265625 0.1109375 0.15390625
1 0.38515625 0.92109375 0.240625 0.1578125
1 0.14140625 0.92265625 0.225 0.15390625
1 0.1375 0.08046875 0.06875 0.10625
1 0.81640625 0.07578125 0.13515625 0.0953125
1 0.59296875 0.06171875 0.10078125 0.11640625
1 0.26875 0.0734375 0.13515625 0.140625
1 0.03828125 0.06875 0.07109375 0.13046875
1 0.6984375 0.06875 0.07421875 0.13046875
1 0.49609375 0.06875 0.0875 0.13046875
1 0.38203125 0.06875 0.09765625 0.13046875
1 0.9046875 0.88203125 0.10078125 0.06484375
1 0.975 0.88046875 0.0453125 0.075
1 0.01484375 0.8203125 0.0234375 0.04453125
1 0.925 0.8125 0.04609375 0.06015625
1 0.13984375 0.79453125 0.06328125 0.103125
1 0.265625 0.79453125 0.06484375 0.103125
1 0.20390625 0.77890625 0.0578125 0.0859375
1 0.96171875 0.9828125 0.0609375 0.034375
1 0.97890625 0.75859375 0.03671875 0.175
1 0.66796875 0.75703125 0.25625 0.1640625
1 0.41796875 0.753125 0.23828125 0.17109375
1 0.0703125 0.74296875 0.07109375 0.13671875
1 0.20390625 0.70390625 0.18984375 0.0578125
